0,196
0,195
0,296
30,5
30,4
30,3
30,2
0,294
30,1
30,0
29,5
29,4
29,3
29,2
0,290
29,1
29,0
0,2
0,56
0,287
28,4
28,3
28,2
28,1
28,0
0,282
0,280
0,279
27,3
27,2
0,277
27,1
27,0
0,45
0,204
0,310
0,309
0,307
26,4
26,3
26,2
0,305
26,1
26,0
0,303
0,300
0,299
0,273
0,270
25,4
25,3
25,2
0,298
25,1
25,0
0,63
24,131
24,130
24,129
24,128
24,74
0,328
24,73
24,72
24,63
24,62
24,71
24,70
0,327
24,69
24,61
24,60
24,68
24,67
24,66
0,326
24,58
24,57
24,65
24,64
24,59
24,52
24,51
24,56
0,325
24,55
24,54
24,53
24,47
24,46
24,50
0,324
24,49
24,48
24,42
24,41
24,45
24,44
0,323
24,43
24,37
24,36
24,40
24,39
24,38
24,32
24,31
24,35
0,322
24,34
24,33
24,27
24,26
24,30
24,29
0,321
24,28
24,22
24,21
24,25
24,24
24,23
0,320
24,17
24,16
24,20
24,19
24,18
24,13
24,11
24,15
0,319
24,14
24,12
24,10
24,5
24,4
24,9
24,8
24,7
24,6
0,318
0,193
0,317
0,192
0,295
0,293
0,292
24,3
24,2
0,291
24,1
24,0
0,58
0,57
0,288
0,286
14,3
0,285
13,3
0,272
0,271
23,5
23,4
23,3
23,2
0,12
0,11
0,275
0,276
0,10
0,9
0,284
0,8
23,1
23,0
0,7
3,3
0,51
10,313
0,546
0,243
10,312
10,311
0,545
10,310
0,544
10,309
10,308
0,543
10,307
0,542
10,306
10,305
0,541
11,29
10,304
0,540
10,303
0,539
10,302
8,18
10,301
0,538
10,300
0,537
10,299
0,536
10,298
10,297
0,535
10,296
0,534
10,295
10,294
0,533
10,293
11,28
0,532
10,292
10,291
0,531
10,290
0,530
10,289
10,288
0,529
10,287
0,528
10,286
10,285
0,527
10,284
0,526
10,283
10,282
